
SG	AS/SG	COLS	MAXD		Bzip2	Parser	Go	Gzip	Gap

No D paths

8	4	8	0		3.40	2.85	2.61	3.43	4.46
8	8	8	0		4.17	3.28	3.17	4.42	5.58
16	8	8	0		4.81	3.84	3.65	5.22	6.14
32	2	16	0		4.24	3.52	3.36	4.79	6.48
32	4	16	0		4.73	3.86	3.60	5.29	6.31
									
MAX D, no Release

8	4	8	8		3.90	3.95	4.60	4.66	5.64
8	8	8	8		4.75	4.34	5.58	5.90	6.94
16	8	8	8		5.51	5.05	6.40	6.76	7.10
32	2	16	16		4.88	4.59	5.94	6.19	8.34
32	4	16	16		5.38	5.07	6.34	6.80	7.25
											
D with Release

8	4	8	8		4.21	4.32	5.1	5.04	6.04
8	8	8	8		5.01	4.61	5.91	6.34	7.47
16	8	8	8		5.78	5.28	6.73	7.08	7.52
32	2	16	16		5.35	5.06	6.49	6.71	8.91
32	4	16	16		5.73	5.41	6.76	7.19	7.86


